Mat:../Dataset/ArmGesture/0_12345c.mat,[(0, 0.026680530082392868), (1, 0.97331946991760221)]
Mat:../Dataset/ArmGesture/01_2345c.mat,[(0, 0.13805055361602531), (1, 0.86194944638393889)]
Mat:../Dataset/ArmGesture/012_345c.mat,[(0, 0.3706236738995411), (1, 0.62937632610041061)]
Mat:../Dataset/ArmGesture/0_12345d.mat,[(0, 0.016879747971262873), (1, 0.98312025202864728)]
Mat:../Dataset/ArmGesture/01_2345d.mat,[(0, 0.13725558658972103), (1, 0.86274441341031194)]
Mat:../Dataset/ArmGesture/012_345d.mat,[(0, 0.40796222764291307), (1, 0.59203777235704458)]
Mat:../Dataset/NATOPS/0_12345c.mat,[(0, 0.030667184855498103), (1, 0.96933281514436576)]
Mat:../Dataset/NATOPS/01_2345c.mat,[(0, 0.17141720849036152), (1, 0.82858279150959557)]
Mat:../Dataset/NATOPS/012_345c.mat,[(0, 0.51626020219141588), (1, 0.483739797808385)]
Mat:../Dataset/NATOPS/0_12345d.mat,[(0, 0.023479435831462586), (1, 0.9765205642000816)]
Mat:../Dataset/NATOPS/01_2345d.mat,[(0, 0.1254998079200281), (1, 0.87450019207998009)]
Mat:../Dataset/NATOPS/012_345d.mat,[(0, 0.44923934084667649), (1, 0.55076065915148886)]


Mat:../Dataset/ArmGesture/01_2345d.mat,[(0, 0.13725558658972103), (1, 0.86274441341031194)]
Mat:../Dataset/ArmGesture/12_0345d.mat,[(0, 0.82023859637637975), (1, 0.17976140362367432)]
Mat:../Dataset/ArmGesture/23_0145d.mat,[(0, 0.81507362761458091), (1, 0.18492637238548518)]
Mat:../Dataset/ArmGesture/34_0125d.mat,[(0, 0.67579980497903647), (1, 0.32420019502089725)]
Mat:../Dataset/ArmGesture/45_0123d.mat,[(0, 0.77588008077094772), (1, 0.22411991922921365)]



Mat:../Dataset/ArmGesture/01_2345c.mat,[(0, 0.13805055361602531), (1, 0.86194944638393889)]
Mat:../Dataset/ArmGesture/12_0345c.mat,[(0, 0.86136567919908047), (1, 0.13863432080090027)]
Mat:../Dataset/ArmGesture/23_0145c.mat,[(0, 0.80634426858071229), (1, 0.19365573141930453)]
Mat:../Dataset/ArmGesture/34_0125c.mat,[(0, 0.61776517457173985), (1, 0.3822348254282647)]
Mat:../Dataset/ArmGesture/45_0123c.mat,[(0, 0.73353707957268), (1, 0.2664629204273396)]



Mat:../Dataset/NATOPS/01_2345d.mat,[(0, 0.1254998079200281), (1, 0.87450019207998009)]
Mat:../Dataset/NATOPS/12_0345d.mat,[(0, 0.81188820724064692), (1, 0.18811179275857928)]
Mat:../Dataset/NATOPS/23_0145d.mat,[(0, 0.76368022516686607), (1, 0.23631977483269273)]
Mat:../Dataset/NATOPS/34_0125d.mat,[(0, 0.78468087179391433), (1, 0.21531912820600127)]
Mat:../Dataset/NATOPS/45_0123d.mat,[(0, 0.79885742270002291), (1, 0.20114257729705839)]

Mat:../Dataset/NATOPS/01_2345c.mat,[(0, 0.17141720849036152), (1, 0.82858279150959557)]
Mat:../Dataset/NATOPS/12_0345c.mat,[(0, 0.76854008411029651), (1, 0.23145991588906595)]
Mat:../Dataset/NATOPS/23_0145c.mat,[(0, 0.7676108269175107), (1, 0.23238917308137186)]
Mat:../Dataset/NATOPS/34_0125c.mat,[(0, 0.80424695018657555), (1, 0.19575304981312808)]
Mat:../Dataset/NATOPS/45_0123c.mat,[(0, 0.80826317751369847), (1, 0.19173682248476356)]



